90 90 90 90 90 90 90 90 90 90  90 90 90 90 90 90 90 90 90 90
90 90 90 90 90 90 90 90 90 90  90 90 90 90 90 90 90 90 90 90
90 90 90 90 90 90 90 90 90 90  90 90 90 90 90 90 90 90 90 90
90 90 90 90 90 90 90 90 90 90  90 90 90 90 90 90 90 90 90 90
90 90 90 90 90 90 90 90 90 90  90 90 90 90 90 90 90 90 90 90
90 90 90 90 90 90 90 90 90 90  90 90 90 90 90 90 90 90 90 90
90 90 90 90 90 90 90 90 90 90  90 90 90 90 90 90 90 90 90 90
90 90 90 90 90 90 90 90 90 90  90 90 90 90 90 90 90 90 90 90
90 90 90 90 90 90 90 90 90 90  90 90 90 90 90 90 90 90 90 90
90 90 90 90 90 90 90 90 90 90  90 90 90 90 90 90 90 90 90 90
90 90 90 90 90 90 90 90 90 90  90 90 90 90 90 90 90 90 90 90
90 90 90 90 90 90 90 90 90 90  90 90 90 90 90 90 90 90 90 90
90 90 90 90 90 90 90 90 90 90  90 90 90 90 90 90 90 90 90 90
90 90 90 90 90 90 90 90 90 90  90 90 90 90 90 90 90 90 90 90
90 90 90 90 90 90 90 90 90 90  90 90 90 90 90 90 90 90 90 90
90 90 90 90 90 90 90 90 90 90  90 90 90 90 90 90 90 90 90 90
90 90 90 90 90 90 90 90 90 90  90 90 90 90 90 90 90 90 90 90
90 90 90 90 90 90 90 90 90 90  90 90 90 90 90 90 90 90 90 90
90 90 90 90 90 90 90 90 90 90  90 90 90 90 90 90 90 90 90 90
90 90 90 90 90 90 90 90 90 90  90 90 90 90 90 90 90 90 90 90
90 90 90 90 90 90 90 90 90 90  90 90 90 90 90 90 90 90 90 90
90 90 90 90 90 90 90 90 90 90  90 90 90 90 90 90 90 90 90 90
90 90 90 90 90 90 90 90 90 90  90 90 90 90 90 90 90 90 90 90
90 90 90 90 90 90 90 90 90 90  90 90 90 90 90 90 90 90 90 90
90 90 90 90 90 90 90 90 90 90  90 90 90 90 90 90 90 90 90 90
90 90 90 90 90
b8 cf 72 62 5b
8d 6c 24 28
68 15 8e 04 08
c3
00 00 00 00
38 31 68 55
